ACTIVE_PART_STACK__HEADER_BACKGROUND_COLOR=274.05408, 0.2948207, 0.9843137, 0|270.35294, 0.33730155, 0.9882353, 0|270.3158, 0.372549, 1.0, 0|279.1579, 0.25, 0.984043, 0|279.1579, 0.25, 0.984043, 100
ACTIVE_PART_STACK__SELECTED_BORDER_COLOR=284.335, 0.82520324, 0.9647059, 0|284.21054, 0.825203, 0.964706, 0|284.21054, 0.825203, 0.964706, 100
ACTIVE_PART_STACK__SELECTED_FILL_COLOR=279.1579, 0.82520324, 0.9647059, 18|0.0, 0.0, 1.0, 20|0.0, 0.0, 1.0, 100
LAYOUT__SHADOW_COLOR=280.42105, 0.632979, 0.521277
WINDOW__BACKGROUND_COLOR=279.1579, 0.39893618, 0.9148936
WINDOW__PERSPECTIVE_SWITCHER_FILL_COLOR=293.02325, 0.5, 0.6745098, 0|293.02325, 0.5, 0.6745098, 0|293.0526, 0.5, 0.675532, 0|293.0526, 0.5, 0.675532, 100
WINDOW__SASH_WIDTH=8
WINDOW__STATUS_BAR_FILL_COLOR=273.9759, 0.32806322, 0.99215686, 0|270.58823, 0.39999998, 1.0, 0|279.1579, 0.25, 0.984043, 0|279.1579, 0.25, 0.984043, 100
WINDOW__TOOLBAR_FILL_COLOR=274.4, 0.29880476, 0.9843137, 0|270.34485, 0.34523806, 0.9882353, 0|270.30304, 0.38823527, 1.0, 0|270.3158, 0.3723404, 1.0, 0|270.58823, 0.39999998, 1.0, 0|279.1579, 0.25, 0.9840425, 0|279.1579, 0.25, 0.984043, 100
eclipse.preferences.version=1
